0000000000 00000  11111
0000000100 00001  11111
0000001000 00010  11111
0000001100 00011  11111
0000010000 00100  11111
0000010100 00101  11111
0000011000 00110  11111
0000011100 00111  11111
0000100000 01000  11111
0000100100 01001  11111
0000101000 01010  11111
0000101100 01011  11111
0000110000 01100  11111
0000110100 01101  11111
0000111000 01110  11111
0000111100 01111  11111
0001000000 00001  11111
0001000100 00010  11111
0001001000 00011  11111
0001001100 00100  11111
0001010000 00101  11111
0001010100 00110  11111
0001011000 00111  11111
0001011100 01000  11111
0001100000 01001  11111
0001100100 01010  11111
0001101000 01011  11111
0001101100 01100  11111
0001110000 01101  11111
0001110100 01110  11111
0001111000 01111  11111
0001111100 10000  11111
0010000000 00010  11111
0010000100 00011  11111
0010001000 00100  11111
0010001100 00101  11111
0010010000 00110  11111
0010010100 00111  11111
0010011000 01000  11111
0010011100 01001  11111
0010100000 01010  11111
0010100100 01011  11111
0010101000 01100  11111
0010101100 01101  11111
0010110000 01110  11111
0010110100 01111  11111
0010111000 10000  11111
0010111100 10001  11111
0011000000 00011  11111
0011000100 00100  11111
0011001000 00101  11111
0011001100 00110  11111
0011010000 00111  11111
0011010100 01000  11111
0011011000 01001  11111
0011011100 01010  11111
0011100000 01011  11111
0011100100 01100  11111
0011101000 01101  11111
0011101100 01110  11111
0011110000 01111  11111
0011110100 10000  11111
0011111000 10001  11111
0011111100 10010  11111
0100000000 00100  11111
0100000100 00101  11111
0100001000 00110  11111
0100001100 00111  11111
0100010000 01000  11111
0100010100 01001  11111
0100011000 01010  11111
0100011100 01011  11111
0100100000 01100  11111
0100100100 01101  11111
0100101000 01110  11111
0100101100 01111  11111
0100110000 10000  11111
0100110100 10001  11111
0100111000 10010  11111
0100111100 10011  11111
0101000000 00101  11111
0101000100 00110  11111
0101001000 00111  11111
0101001100 01000  11111
0101010000 01001  11111
0101010100 01010  11111
0101011000 01011  11111
0101011100 01100  11111
0101100000 01101  11111
0101100100 01110  11111
0101101000 01111  11111
0101101100 10000  11111
0101110000 10001  11111
0101110100 10010  11111
0101111000 10011  11111
0101111100 10100  11111
0110000000 00110  11111
0110000100 00111  11111
0110001000 01000  11111
0110001100 01001  11111
0110010000 01010  11111
0110010100 01011  11111
0110011000 01100  11111
0110011100 01101  11111
0110100000 01110  11111
0110100100 01111  11111
0110101000 10000  11111
0110101100 10001  11111
0110110000 10010  11111
0110110100 10011  11111
0110111000 10100  11111
0110111100 10101  11111
0111000000 00111  11111
0111000100 01000  11111
0111001000 01001  11111
0111001100 01010  11111
0111010000 01011  11111
0111010100 01100  11111
0111011000 01101  11111
0111011100 01110  11111
0111100000 01111  11111
0111100100 10000  11111
0111101000 10001  11111
0111101100 10010  11111
0111110000 10011  11111
0111110100 10100  11111
0111111000 10101  11111
0111111100 10110  11111
1000000000 01000  11111
1000000100 01001  11111
1000001000 01010  11111
1000001100 01011  11111
1000010000 01100  11111
1000010100 01101  11111
1000011000 01110  11111
1000011100 01111  11111
1000100000 10000  11111
1000100100 10001  11111
1000101000 10010  11111
1000101100 10011  11111
1000110000 10100  11111
1000110100 10101  11111
1000111000 10110  11111
1000111100 10111  11111
1001000000 01001  11111
1001000100 01010  11111
1001001000 01011  11111
1001001100 01100  11111
1001010000 01101  11111
1001010100 01110  11111
1001011000 01111  11111
1001011100 10000  11111
1001100000 10001  11111
1001100100 10010  11111
1001101000 10011  11111
1001101100 10100  11111
1001110000 10101  11111
1001110100 10110  11111
1001111000 10111  11111
1001111100 11000  11111
1010000000 01010  11111
1010000100 01011  11111
1010001000 01100  11111
1010001100 01101  11111
1010010000 01110  11111
1010010100 01111  11111
1010011000 10000  11111
1010011100 10001  11111
1010100000 10010  11111
1010100100 10011  11111
1010101000 10100  11111
1010101100 10101  11111
1010110000 10110  11111
1010110100 10111  11111
1010111000 11000  11111
1010111100 11001  11111
1011000000 01011  11111
1011000100 01100  11111
1011001000 01101  11111
1011001100 01110  11111
1011010000 01111  11111
1011010100 10000  11111
1011011000 10001  11111
1011011100 10010  11111
1011100000 10011  11111
1011100100 10100  11111
1011101000 10101  11111
1011101100 10110  11111
1011110000 10111  11111
1011110100 11000  11111
1011111000 11001  11111
1011111100 11010  11111
1100000000 01100  11111
1100000100 01101  11111
1100001000 01110  11111
1100001100 01111  11111
1100010000 10000  11111
1100010100 10001  11111
1100011000 10010  11111
1100011100 10011  11111
1100100000 10100  11111
1100100100 10101  11111
1100101000 10110  11111
1100101100 10111  11111
1100110000 11000  11111
1100110100 11001  11111
1100111000 11010  11111
1100111100 11011  11111
1101000000 01101  11111
1101000100 01110  11111
1101001000 01111  11111
1101001100 10000  11111
1101010000 10001  11111
1101010100 10010  11111
1101011000 10011  11111
1101011100 10100  11111
1101100000 10101  11111
1101100100 10110  11111
1101101000 10111  11111
1101101100 11000  11111
1101110000 11001  11111
1101110100 11010  11111
1101111000 11011  11111
1101111100 11100  11111
1110000000 01110  11111
1110000100 01111  11111
1110001000 10000  11111
1110001100 10001  11111
1110010000 10010  11111
1110010100 10011  11111
1110011000 10100  11111
1110011100 10101  11111
1110100000 10110  11111
1110100100 10111  11111
1110101000 11000  11111
1110101100 11001  11111
1110110000 11010  11111
1110110100 11011  11111
1110111000 11100  11111
1110111100 11101  11111
1111000000 01111  11111
1111000100 10000  11111
1111001000 10001  11111
1111001100 10010  11111
1111010000 10011  11111
1111010100 10100  11111
1111011000 10101  11111
1111011100 10110  11111
1111100000 10111  11111
1111100100 11000  11111
1111101000 11001  11111
1111101100 11010  11111
1111110000 11011  11111
1111110100 11100  11111
1111111000 11101  11111
1111111100 11110  11111
0000000001 10000  01111
0000000101 01111  01111
0000001001 01110  01111
0000001101 01101  01111
0000010001 01100  01111
0000010101 01011  01111
0000011001 01010  01111
0000011101 01001  01111
0000100001 01000  01111
0000100101 00111  01111
0000101001 00110  01111
0000101101 00101  01111
0000110001 00100  01111
0000110101 00011  01111
0000111001 00010  01111
0000111101 00001  01111
0001000001 10001  01111
0001000101 10000  01111
0001001001 01111  01111
0001001101 01110  01111
0001010001 01101  01111
0001010101 01100  01111
0001011001 01011  01111
0001011101 01010  01111
0001100001 01001  01111
0001100101 01000  01111
0001101001 00111  01111
0001101101 00110  01111
0001110001 00101  01111
0001110101 00100  01111
0001111001 00011  01111
0001111101 00010  01111
0010000001 10010  01111
0010000101 10001  01111
0010001001 10000  01111
0010001101 01111  01111
0010010001 01110  01111
0010010101 01101  01111
0010011001 01100  01111
0010011101 01011  01111
0010100001 01010  01111
0010100101 01001  01111
0010101001 01000  01111
0010101101 00111  01111
0010110001 00110  01111
0010110101 00101  01111
0010111001 00100  01111
0010111101 00011  01111
0011000001 10011  01111
0011000101 10010  01111
0011001001 10001  01111
0011001101 10000  01111
0011010001 01111  01111
0011010101 01110  01111
0011011001 01101  01111
0011011101 01100  01111
0011100001 01011  01111
0011100101 01010  01111
0011101001 01001  01111
0011101101 01000  01111
0011110001 00111  01111
0011110101 00110  01111
0011111001 00101  01111
0011111101 00100  01111
0100000001 10100  01111
0100000101 10011  01111
0100001001 10010  01111
0100001101 10001  01111
0100010001 10000  01111
0100010101 01111  01111
0100011001 01110  01111
0100011101 01101  01111
0100100001 01100  01111
0100100101 01011  01111
0100101001 01010  01111
0100101101 01001  01111
0100110001 01000  01111
0100110101 00111  01111
0100111001 00110  01111
0100111101 00101  01111
0101000001 10101  01111
0101000101 10100  01111
0101001001 10011  01111
0101001101 10010  01111
0101010001 10001  01111
0101010101 10000  01111
0101011001 01111  01111
0101011101 01110  01111
0101100001 01101  01111
0101100101 01100  01111
0101101001 01011  01111
0101101101 01010  01111
0101110001 01001  01111
0101110101 01000  01111
0101111001 00111  01111
0101111101 00110  01111
0110000001 10110  01111
0110000101 10101  01111
0110001001 10100  01111
0110001101 10011  01111
0110010001 10010  01111
0110010101 10001  01111
0110011001 10000  01111
0110011101 01111  01111
0110100001 01110  01111
0110100101 01101  01111
0110101001 01100  01111
0110101101 01011  01111
0110110001 01010  01111
0110110101 01001  01111
0110111001 01000  01111
0110111101 00111  01111
0111000001 10111  01111
0111000101 10110  01111
0111001001 10101  01111
0111001101 10100  01111
0111010001 10011  01111
0111010101 10010  01111
0111011001 10001  01111
0111011101 10000  01111
0111100001 01111  01111
0111100101 01110  01111
0111101001 01101  01111
0111101101 01100  01111
0111110001 01011  01111
0111110101 01010  01111
0111111001 01001  01111
0111111101 01000  01111
1000000001 11000  01111
1000000101 10111  01111
1000001001 10110  01111
1000001101 10101  01111
1000010001 10100  01111
1000010101 10011  01111
1000011001 10010  01111
1000011101 10001  01111
1000100001 10000  01111
1000100101 01111  01111
1000101001 01110  01111
1000101101 01101  01111
1000110001 01100  01111
1000110101 01011  01111
1000111001 01010  01111
1000111101 01001  01111
1001000001 11001  01111
1001000101 11000  01111
1001001001 10111  01111
1001001101 10110  01111
1001010001 10101  01111
1001010101 10100  01111
1001011001 10011  01111
1001011101 10010  01111
1001100001 10001  01111
1001100101 10000  01111
1001101001 01111  01111
1001101101 01110  01111
1001110001 01101  01111
1001110101 01100  01111
1001111001 01011  01111
1001111101 01010  01111
1010000001 11010  01111
1010000101 11001  01111
1010001001 11000  01111
1010001101 10111  01111
1010010001 10110  01111
1010010101 10101  01111
1010011001 10100  01111
1010011101 10011  01111
1010100001 10010  01111
1010100101 10001  01111
1010101001 10000  01111
1010101101 01111  01111
1010110001 01110  01111
1010110101 01101  01111
1010111001 01100  01111
1010111101 01011  01111
1011000001 11011  01111
1011000101 11010  01111
1011001001 11001  01111
1011001101 11000  01111
1011010001 10111  01111
1011010101 10110  01111
1011011001 10101  01111
1011011101 10100  01111
1011100001 10011  01111
1011100101 10010  01111
1011101001 10001  01111
1011101101 10000  01111
1011110001 01111  01111
1011110101 01110  01111
1011111001 01101  01111
1011111101 01100  01111
1100000001 11100  01111
1100000101 11011  01111
1100001001 11010  01111
1100001101 11001  01111
1100010001 11000  01111
1100010101 10111  01111
1100011001 10110  01111
1100011101 10101  01111
1100100001 10100  01111
1100100101 10011  01111
1100101001 10010  01111
1100101101 10001  01111
1100110001 10000  01111
1100110101 01111  01111
1100111001 01110  01111
1100111101 01101  01111
1101000001 11101  01111
1101000101 11100  01111
1101001001 11011  01111
1101001101 11010  01111
1101010001 11001  01111
1101010101 11000  01111
1101011001 10111  01111
1101011101 10110  01111
1101100001 10101  01111
1101100101 10100  01111
1101101001 10011  01111
1101101101 10010  01111
1101110001 10001  01111
1101110101 10000  01111
1101111001 01111  01111
1101111101 01110  01111
1110000001 11110  01111
1110000101 11101  01111
1110001001 11100  01111
1110001101 11011  01111
1110010001 11010  01111
1110010101 11001  01111
1110011001 11000  01111
1110011101 10111  01111
1110100001 10110  01111
1110100101 10101  01111
1110101001 10100  01111
1110101101 10011  01111
1110110001 10010  01111
1110110101 10001  01111
1110111001 10000  01111
1110111101 01111  01111
1111000001 11111  01111
1111000101 11110  01111
1111001001 11101  01111
1111001101 11100  01111
1111010001 11011  01111
1111010101 11010  01111
1111011001 11001  01111
1111011101 11000  01111
1111100001 10111  01111
1111100101 10110  01111
1111101001 10101  01111
1111101101 10100  01111
1111110001 10011  01111
1111110101 10010  01111
1111111001 10001  01111
1111111101 10000  01111
0000000010 01111  01111
0000000110 01111  01111
0000001010 01111  01111
0000001110 01111  01111
0000010010 01111  01111
0000010110 01111  01111
0000011010 01111  01111
0000011110 01111  01111
0000100010 01111  01111
0000100110 01111  01111
0000101010 01111  01111
0000101110 01111  01111
0000110010 01111  01111
0000110110 01111  01111
0000111010 01111  01111
0000111110 01111  01111
0001000010 01111  01111
0001000110 01110  01111
0001001010 01111  01111
0001001110 01110  01111
0001010010 01111  01111
0001010110 01110  01111
0001011010 01111  01111
0001011110 01110  01111
0001100010 01111  01111
0001100110 01110  01111
0001101010 01111  01111
0001101110 01110  01111
0001110010 01111  01111
0001110110 01110  01111
0001111010 01111  01111
0001111110 01110  01111
0010000010 01111  01111
0010000110 01111  01111
0010001010 01101  01111
0010001110 01101  01111
0010010010 01111  01111
0010010110 01111  01111
0010011010 01101  01111
0010011110 01101  01111
0010100010 01111  01111
0010100110 01111  01111
0010101010 01101  01111
0010101110 01101  01111
0010110010 01111  01111
0010110110 01111  01111
0010111010 01101  01111
0010111110 01101  01111
0011000010 01111  01111
0011000110 01110  01111
0011001010 01101  01111
0011001110 01100  01111
0011010010 01111  01111
0011010110 01110  01111
0011011010 01101  01111
0011011110 01100  01111
0011100010 01111  01111
0011100110 01110  01111
0011101010 01101  01111
0011101110 01100  01111
0011110010 01111  01111
0011110110 01110  01111
0011111010 01101  01111
0011111110 01100  01111
0100000010 01111  01111
0100000110 01111  01111
0100001010 01111  01111
0100001110 01111  01111
0100010010 01011  01111
0100010110 01011  01111
0100011010 01011  01111
0100011110 01011  01111
0100100010 01111  01111
0100100110 01111  01111
0100101010 01111  01111
0100101110 01111  01111
0100110010 01011  01111
0100110110 01011  01111
0100111010 01011  01111
0100111110 01011  01111
0101000010 01111  01111
0101000110 01110  01111
0101001010 01111  01111
0101001110 01110  01111
0101010010 01011  01111
0101010110 01010  01111
0101011010 01011  01111
0101011110 01010  01111
0101100010 01111  01111
0101100110 01110  01111
0101101010 01111  01111
0101101110 01110  01111
0101110010 01011  01111
0101110110 01010  01111
0101111010 01011  01111
0101111110 01010  01111
0110000010 01111  01111
0110000110 01111  01111
0110001010 01101  01111
0110001110 01101  01111
0110010010 01011  01111
0110010110 01011  01111
0110011010 01001  01111
0110011110 01001  01111
0110100010 01111  01111
0110100110 01111  01111
0110101010 01101  01111
0110101110 01101  01111
0110110010 01011  01111
0110110110 01011  01111
0110111010 01001  01111
0110111110 01001  01111
0111000010 01111  01111
0111000110 01110  01111
0111001010 01101  01111
0111001110 01100  01111
0111010010 01011  01111
0111010110 01010  01111
0111011010 01001  01111
0111011110 01000  01111
0111100010 01111  01111
0111100110 01110  01111
0111101010 01101  01111
0111101110 01100  01111
0111110010 01011  01111
0111110110 01010  01111
0111111010 01001  01111
0111111110 01000  01111
1000000010 01111  01111
1000000110 01111  01111
1000001010 01111  01111
1000001110 01111  01111
1000010010 01111  01111
1000010110 01111  01111
1000011010 01111  01111
1000011110 01111  01111
1000100010 00111  01111
1000100110 00111  01111
1000101010 00111  01111
1000101110 00111  01111
1000110010 00111  01111
1000110110 00111  01111
1000111010 00111  01111
1000111110 00111  01111
1001000010 01111  01111
1001000110 01110  01111
1001001010 01111  01111
1001001110 01110  01111
1001010010 01111  01111
1001010110 01110  01111
1001011010 01111  01111
1001011110 01110  01111
1001100010 00111  01111
1001100110 00110  01111
1001101010 00111  01111
1001101110 00110  01111
1001110010 00111  01111
1001110110 00110  01111
1001111010 00111  01111
1001111110 00110  01111
1010000010 01111  01111
1010000110 01111  01111
1010001010 01101  01111
1010001110 01101  01111
1010010010 01111  01111
1010010110 01111  01111
1010011010 01101  01111
1010011110 01101  01111
1010100010 00111  01111
1010100110 00111  01111
1010101010 00101  01111
1010101110 00101  01111
1010110010 00111  01111
1010110110 00111  01111
1010111010 00101  01111
1010111110 00101  01111
1011000010 01111  01111
1011000110 01110  01111
1011001010 01101  01111
1011001110 01100  01111
1011010010 01111  01111
1011010110 01110  01111
1011011010 01101  01111
1011011110 01100  01111
1011100010 00111  01111
1011100110 00110  01111
1011101010 00101  01111
1011101110 00100  01111
1011110010 00111  01111
1011110110 00110  01111
1011111010 00101  01111
1011111110 00100  01111
1100000010 01111  01111
1100000110 01111  01111
1100001010 01111  01111
1100001110 01111  01111
1100010010 01011  01111
1100010110 01011  01111
1100011010 01011  01111
1100011110 01011  01111
1100100010 00111  01111
1100100110 00111  01111
1100101010 00111  01111
1100101110 00111  01111
1100110010 00011  01111
1100110110 00011  01111
1100111010 00011  01111
1100111110 00011  01111
1101000010 01111  01111
1101000110 01110  01111
1101001010 01111  01111
1101001110 01110  01111
1101010010 01011  01111
1101010110 01010  01111
1101011010 01011  01111
1101011110 01010  01111
1101100010 00111  01111
1101100110 00110  01111
1101101010 00111  01111
1101101110 00110  01111
1101110010 00011  01111
1101110110 00010  01111
1101111010 00011  01111
1101111110 00010  01111
1110000010 01111  01111
1110000110 01111  01111
1110001010 01101  01111
1110001110 01101  01111
1110010010 01011  01111
1110010110 01011  01111
1110011010 01001  01111
1110011110 01001  01111
1110100010 00111  01111
1110100110 00111  01111
1110101010 00101  01111
1110101110 00101  01111
1110110010 00011  01111
1110110110 00011  01111
1110111010 00001  01111
1110111110 00001  01111
1111000010 01111  01111
1111000110 01110  01111
1111001010 01101  01111
1111001110 01100  01111
1111010010 01011  01111
1111010110 01010  01111
1111011010 01001  01111
1111011110 01000  01111
1111100010 00111  01111
1111100110 00110  01111
1111101010 00101  01111
1111101110 00100  01111
1111110010 00011  01111
1111110110 00010  01111
1111111010 00001  01111
1111111110 00000  01111
0000000011 00000  01111
0000000111 00000  01111
0000001011 00000  01111
0000001111 00000  01111
0001000011 00000  01111
0001000111 00001  01111
0001001011 00010  01111
0001001111 00011  01111
0010000011 00000  01111
0010000111 00010  01111
0010001011 00100  01111
0010001111 00110  01111
0011000011 00000  01111
0011000111 00011  01111
0011001011 00110  01111
0011001111 01001  01111
