00000  000 111
00001  001 111
00010  010 111
00011  011 111
00100  001 111
00101  010 111
00110  011 111
00111  100 111
01000  010 111
01001  011 111
01010  100 111
01011  101 111
01100  011 111
01101  100 111
01110  101 111
01111  110 111
10000  100 011
10001  011 011
10010  110 011
10011  101 011
10100  001 011
10101  100 011
10110  111 011
10111  110 011
11000  010 011
11001  001 011
11010  100 011
11011  111 011
11100  011 011
11101  010 011
11110  001 011
11111  100 011