000000000 0000 1111
000000001 0000 1111
000000010 0000 1111
000000011 0000 1111
000000100 0000 1111
000000101 0000 1111
000000110 0000 1111
000000111 0000 1111
000001000 0000 1111
000001001 0000 1111
000001010 0000 1111
000001011 0000 1111
000001100 0000 1111
000001101 0000 1111
000001110 0000 1111
000001111 0000 1111
000010000 0000 1111
000010001 0000 1111
000010010 0000 1111
000010011 0000 1111
000010100 0000 1111
000010101 0000 1111
000010110 0000 1111
000010111 0000 1111
000011000 0000 1111
000011001 0000 1111
000011010 0000 1111
000011011 0000 1111
000011100 0000 1111
000011101 0000 1111
000011110 0000 1111
000011111 0000 1111
000100000 0000 1111
000100001 0000 1111
000100010 0000 1111
000100011 0000 1111
000100100 0000 1111
000100101 0000 1111
000100110 0000 1111
000100111 0000 1111
000101000 0000 1111
000101001 0000 1111
000101010 0000 1111
000101011 0000 1111
000101100 0000 1111
000101101 0000 1111
000101110 0000 1111
000101111 0000 1111
000110000 0000 1111
000110001 0000 1111
000110010 0000 1111
000110011 0000 1111
000110100 0000 1111
000110101 0000 1111
000110110 0000 1111
000110111 0000 1111
000111000 0000 1111
000111001 0000 1111
000111010 0000 1111
000111011 0000 1111
000111100 0000 1111
000111101 0000 1111
000111110 0000 1111
000111111 0000 1111
001000000 0000 1111
001000001 0000 1111
001000010 0000 1111
001000011 0000 1111
001000100 0000 1111
001000101 0000 1111
001000110 0000 1111
001000111 0000 1111
001001000 0000 1111
001001001 0000 1111
001001010 0000 1111
001001011 0000 1111
001001100 0000 1111
001001101 0000 1111
001001110 0000 1111
001001111 0000 1111
001010000 0000 1111
001010001 0000 1111
001010010 0000 1111
001010011 0000 1111
001010100 0000 1111
001010101 0000 1111
001010110 0000 1111
001010111 0000 1111
001011000 0000 1111
001011001 0000 1111
001011010 0000 1111
001011011 0000 1111
001011100 0000 1111
001011101 0000 1111
001011110 0000 1111
001011111 0000 1111
001100000 0000 1111
001100001 0000 1111
001100010 0000 1111
001100011 0000 1111
001100100 0000 1111
001100101 0000 1111
001100110 0000 1111
001100111 0000 1111
001101000 0000 1111
001101001 0000 1111
001101010 0000 1111
001101011 0000 1111
001101100 0000 1111
001101101 0000 1111
001101110 0000 1111
001101111 0000 1111
001110000 0000 1111
001110001 0000 1111
001110010 0000 1111
001110011 0000 1111
001110100 0000 1111
001110101 0000 1111
001110110 0000 1111
001110111 0000 1111
001111000 0000 1111
001111001 0000 1111
001111010 0000 1111
001111011 0000 1111
001111100 0000 1111
001111101 0000 1111
001111110 0000 1111
001111111 0000 1111
010000000 0000 1111
010000001 0000 1111
010000010 0000 1111
010000011 0000 1111
010000100 0000 1111
010000101 0000 1111
010000110 0000 1111
010000111 0000 1111
010001000 0000 1111
010001001 0000 1111
010001010 0000 1111
010001011 0000 1111
010001100 0000 1111
010001101 0000 1111
010001110 0000 1111
010001111 0000 1111
010010000 0000 1111
010010001 0000 1111
010010010 0000 1111
010010011 0000 1111
010010100 0000 1111
010010101 0000 1111
010010110 0000 1111
010010111 0000 1111
010011000 0000 1111
010011001 0000 1111
010011010 0000 1111
010011011 0000 1111
010011100 0000 1111
010011101 0000 1111
010011110 0000 1111
010011111 0000 1111
010100000 0000 1111
010100001 0000 1111
010100010 0000 1111
010100011 0000 1111
010100100 0000 1111
010100101 0000 1111
010100110 0000 1111
010100111 0000 1111
010101000 0000 1111
010101001 0000 1111
010101010 0000 1111
010101011 0000 1111
010101100 0000 1111
010101101 0000 1111
010101110 0000 1111
010101111 0000 1111
010110000 0000 1111
010110001 0000 1111
010110010 0000 1111
010110011 0000 1111
010110100 0000 1111
010110101 0000 1111
010110110 0000 1111
010110111 0000 1111
010111000 0000 1111
010111001 0000 1111
010111010 0000 1111
010111011 0000 1111
010111100 0000 1111
010111101 0000 1111
010111110 0000 1111
010111111 0000 1111
011000000 0000 1111
011000001 0000 1111
011000010 0000 1111
011000011 0000 1111
011000100 0000 1111
011000101 0000 1111
011000110 0000 1111
011000111 0000 1111
011001000 0000 1111
011001001 0000 1111
011001010 0000 1111
011001011 0000 1111
011001100 0000 1111
011001101 0000 1111
011001110 0000 1111
011001111 0000 1111
011010000 0000 1111
011010001 0000 1111
011010010 0000 1111
011010011 0000 1111
011010100 0000 1111
011010101 0000 1111
011010110 0000 1111
011010111 0000 1111
011011000 0000 1111
011011001 0000 1111
011011010 0000 1111
011011011 0000 1111
011011100 0000 1111
011011101 0000 1111
011011110 0000 1111
011011111 0000 1111
011100000 0000 1111
011100001 0000 1111
011100010 0000 1111
011100011 0000 1111
011100100 0000 1111
011100101 0000 1111
011100110 0000 1111
011100111 0000 1111
011101000 0000 1111
011101001 0000 1111
011101010 0000 1111
011101011 0000 1111
011101100 0000 1111
011101101 0000 1111
011101110 0000 1111
011101111 0000 1111
011110000 0000 1111
011110001 0000 1111
011110010 0000 1111
011110011 0000 1111
011110100 0000 1111
011110101 0000 1111
011110110 0000 1111
011110111 0000 1111
011111000 0000 1111
011111001 0000 1111
011111010 0000 1111
011111011 0000 1111
011111100 0000 1111
011111101 0000 1111
011111110 0000 1111
011111111 0000 1111
100000000 0000 1111
100000001 1111 1111
100000010 1101 1111
100000011 1111 1111
100000100 1011 1111
100000101 1111 1111
100000110 1101 1111
100000111 1111 1111
100001000 1001 1111
100001001 1111 1111
100001010 1101 1111
100001011 1111 1111
100001100 1011 1111
100001101 1111 1111
100001110 1101 1111
100001111 1111 1111
100010000 0111 1111
100010001 1111 1111
100010010 1101 1111
100010011 1111 1111
100010100 1011 1111
100010101 1111 1111
100010110 1101 1111
100010111 1111 1111
100011000 1001 1111
100011001 1111 1111
100011010 1101 1111
100011011 1111 1111
100011100 1011 1111
100011101 1111 1111
100011110 1101 1111
100011111 1111 1111
100100000 0101 1111
100100001 1111 1111
100100010 1101 1111
100100011 1111 1111
100100100 1011 1111
100100101 1111 1111
100100110 1101 1111
100100111 1111 1111
100101000 1001 1111
100101001 1111 1111
100101010 1101 1111
100101011 1111 1111
100101100 1011 1111
100101101 1111 1111
100101110 1101 1111
100101111 1111 1111
100110000 0111 1111
100110001 1111 1111
100110010 1101 1111
100110011 1111 1111
100110100 1011 1111
100110101 1111 1111
100110110 1101 1111
100110111 1111 1111
100111000 1001 1111
100111001 1111 1111
100111010 1101 1111
100111011 1111 1111
100111100 1011 1111
100111101 1111 1111
100111110 1101 1111
100111111 1111 1111
101000000 0011 1111
101000001 1111 1111
101000010 1101 1111
101000011 1111 1111
101000100 1011 1111
101000101 1111 1111
101000110 1101 1111
101000111 1111 1111
101001000 1001 1111
101001001 1111 1111
101001010 1101 1111
101001011 1111 1111
101001100 1011 1111
101001101 1111 1111
101001110 1101 1111
101001111 1111 1111
101010000 0111 1111
101010001 1111 1111
101010010 1101 1111
101010011 1111 1111
101010100 1011 1111
101010101 1111 1111
101010110 1101 1111
101010111 1111 1111
101011000 1001 1111
101011001 1111 1111
101011010 1101 1111
101011011 1111 1111
101011100 1011 1111
101011101 1111 1111
101011110 1101 1111
101011111 1111 1111
101100000 0101 1111
101100001 1111 1111
101100010 1101 1111
101100011 1111 1111
101100100 1011 1111
101100101 1111 1111
101100110 1101 1111
101100111 1111 1111
101101000 1001 1111
101101001 1111 1111
101101010 1101 1111
101101011 1111 1111
101101100 1011 1111
101101101 1111 1111
101101110 1101 1111
101101111 1111 1111
101110000 0111 1111
101110001 1111 1111
101110010 1101 1111
101110011 1111 1111
101110100 1011 1111
101110101 1111 1111
101110110 1101 1111
101110111 1111 1111
101111000 1001 1111
101111001 1111 1111
101111010 1101 1111
101111011 1111 1111
101111100 1011 1111
101111101 1111 1111
101111110 1101 1111
101111111 1111 1111
110000000 0001 1111
110000001 1111 1111
110000010 1101 1111
110000011 1111 1111
110000100 1011 1111
110000101 1111 1111
110000110 1101 1111
110000111 1111 1111
110001000 1001 1111
110001001 1111 1111
110001010 1101 1111
110001011 1111 1111
110001100 1011 1111
110001101 1111 1111
110001110 1101 1111
110001111 1111 1111
110010000 0111 1111
110010001 1111 1111
110010010 1101 1111
110010011 1111 1111
110010100 1011 1111
110010101 1111 1111
110010110 1101 1111
110010111 1111 1111
110011000 1001 1111
110011001 1111 1111
110011010 1101 1111
110011011 1111 1111
110011100 1011 1111
110011101 1111 1111
110011110 1101 1111
110011111 1111 1111
110100000 0101 1111
110100001 1111 1111
110100010 1101 1111
110100011 1111 1111
110100100 1011 1111
110100101 1111 1111
110100110 1101 1111
110100111 1111 1111
110101000 1001 1111
110101001 1111 1111
110101010 1101 1111
110101011 1111 1111
110101100 1011 1111
110101101 1111 1111
110101110 1101 1111
110101111 1111 1111
110110000 0111 1111
110110001 1111 1111
110110010 1101 1111
110110011 1111 1111
110110100 1011 1111
110110101 1111 1111
110110110 1101 1111
110110111 1111 1111
110111000 1001 1111
110111001 1111 1111
110111010 1101 1111
110111011 1111 1111
110111100 1011 1111
110111101 1111 1111
110111110 1101 1111
110111111 1111 1111
111000000 0011 1111
111000001 1111 1111
111000010 1101 1111
111000011 1111 1111
111000100 1011 1111
111000101 1111 1111
111000110 1101 1111
111000111 1111 1111
111001000 1001 1111
111001001 1111 1111
111001010 1101 1111
111001011 1111 1111
111001100 1011 1111
111001101 1111 1111
111001110 1101 1111
111001111 1111 1111
111010000 0111 1111
111010001 1111 1111
111010010 1101 1111
111010011 1111 1111
111010100 1011 1111
111010101 1111 1111
111010110 1101 1111
111010111 1111 1111
111011000 1001 1111
111011001 1111 1111
111011010 1101 1111
111011011 1111 1111
111011100 1011 1111
111011101 1111 1111
111011110 1101 1111
111011111 1111 1111
111100000 0101 1111
111100001 1111 1111
111100010 1101 1111
111100011 1111 1111
111100100 1011 1111
111100101 1111 1111
111100110 1101 1111
111100111 1111 1111
111101000 1001 1111
111101001 1111 1111
111101010 1101 1111
111101011 1111 1111
111101100 1011 1111
111101101 1111 1111
111101110 1101 1111
111101111 1111 1111
111110000 0111 1111
111110001 1111 1111
111110010 1101 1111
111110011 1111 1111
111110100 1011 1111
111110101 1111 1111
111110110 1101 1111
111110111 1111 1111
111111000 1001 1111
111111001 1111 1111
111111010 1101 1111
111111011 1111 1111
111111100 1011 1111
111111101 1111 1111
111111110 1101 1111
111111111 1111 1111
