00 00000 00000
10 00000 11111
01 00001 11111
00 00001 11111
01 00010 11111
00 00010 11111
01 00011 11111
00 00011 11111
01 00100 11111
00 00100 11111
01 00101 11111
00 00101 11111
01 00110 11111
00 00110 11111
01 00111 11111
00 00111 11111
01 01000 11111
00 01000 11111
01 01001 11111
00 01001 11111
01 01010 11111
00 01010 11111
01 01011 11111
00 01011 11111
01 01100 11111
00 01100 11111
01 01101 11111
00 01101 11111
01 01110 11111
00 01110 11111
01 11111 11111
00 11111 11111
01 00000 11111
00 00000 11111
01 00001 11111
00 00001 11111
