1111111100 11110 11111
1111111101 10000 11111
0000000011 00000 11111
1101110011 00000 11111
0010110011 00000 11111
1111110011 00000 11111
1100110111 00000 11111
1100111011 00000 11111
1100111111 00000 11111
1101110111 00001 11111
1101111011 00010 11111
0001111111 00011 11111
1110000111 00010 11111
0110101011 00100 11111
1010101111 00110 11111
0111110111 00011 11111
0011111011 00110 11111
1011111111 01001 11111
1111111110 00000 11111
1111111010 00001 11111
1111110110 00010 11111
1111000010 01111 11111